<?xml version="1.0"?>
<opencv_storage>
<edge_template_pose025 type_id="opencv-matrix">
  <rows>4</rows>
  <cols>4</cols>
  <dt>f</dt>
  <data>
    9.65925813e-01 2.58819163e-01 0. 0. 1.98266998e-01 -7.39942133e-01
    -6.42787576e-01 0. -1.66365743e-01 6.20885134e-01 -7.66044497e-01
    3.00000012e-01 0. 0. 0. 1.</data></edge_template_pose025>
</opencv_storage>
