<?xml version="1.0"?>
<opencv_storage>
<edge_template_pose005 type_id="opencv-matrix">
  <rows>4</rows>
  <cols>4</cols>
  <dt>f</dt>
  <data>
    2.58819073e-01 9.65925813e-01 0. 0. 9.65925813e-01 -2.58819073e-01
    -8.74227766e-08 0. -8.44439185e-08 2.26266827e-08 -1. 3.00000012e-01
    0. 0. 0. 1.</data></edge_template_pose005>
</opencv_storage>
