<?xml version="1.0"?>
<opencv_storage>
<edge_template_pose015 type_id="opencv-matrix">
  <rows>4</rows>
  <cols>4</cols>
  <dt>f</dt>
  <data>
    -7.07106829e-01 -7.07106709e-01 0. 0. -6.64462984e-01 6.64463043e-01
    -3.42020154e-01 0. 2.41844743e-01 -2.41844788e-01 -9.39692616e-01
    3.00000012e-01 0. 0. 0. 1.</data></edge_template_pose015>
</opencv_storage>
