<?xml version="1.0"?>
<opencv_storage>
<edge_template_pose036 type_id="opencv-matrix">
  <rows>4</rows>
  <cols>4</cols>
  <dt>f</dt>
  <data>
    -1. -2.38497613e-08 0. 0. -1.82699775e-08 7.66044497e-01
    -6.42787576e-01 0. 1.53303308e-08 -6.42787576e-01 -7.66044497e-01
    3.00000012e-01 0. 0. 0. 1.</data></edge_template_pose036>
</opencv_storage>
