<?xml version="1.0"?>
<opencv_storage>
<edge_template_pose046 type_id="opencv-matrix">
  <rows>4</rows>
  <cols>4</cols>
  <dt>f</dt>
  <data>
    7.07106829e-01 -7.07106769e-01 0. 0. -3.53553325e-01 -3.53553355e-01
    -8.66025448e-01 0. 6.12372458e-01 6.12372518e-01 -4.99999911e-01
    3.00000012e-01 0. 0. 0. 1.</data></edge_template_pose046>
</opencv_storage>
