<?xml version="1.0"?>
<opencv_storage>
<edge_template_pose026 type_id="opencv-matrix">
  <rows>4</rows>
  <cols>4</cols>
  <dt>f</dt>
  <data>
    8.66025388e-01 5.00000060e-01 0. 0. 3.83022308e-01 -6.63414001e-01
    -6.42787576e-01 0. -3.21393818e-01 5.56670368e-01 -7.66044497e-01
    3.00000012e-01 0. 0. 0. 1.</data></edge_template_pose026>
</opencv_storage>
