<?xml version="1.0"?>
<opencv_storage>
<edge_template_pose039 type_id="opencv-matrix">
  <rows>4</rows>
  <cols>4</cols>
  <dt>f</dt>
  <data>
    -8.66025448e-01 -4.99999940e-01 0. 0. -2.49999925e-01 4.33012635e-01
    -8.66025448e-01 0. 4.33012664e-01 -7.50000060e-01 -4.99999911e-01
    3.00000012e-01 0. 0. 0. 1.</data></edge_template_pose039>
</opencv_storage>
