<?xml version="1.0"?>
<opencv_storage>
<edge_template_pose037 type_id="opencv-matrix">
  <rows>4</rows>
  <cols>4</cols>
  <dt>f</dt>
  <data>
    -1. -2.38497613e-08 0. 0. -1.19248789e-08 4.99999911e-01
    -8.66025448e-01 0. 2.06545003e-08 -8.66025448e-01 -4.99999911e-01
    3.00000012e-01 0. 0. 0. 1.</data></edge_template_pose037>
</opencv_storage>
