<?xml version="1.0"?>
<opencv_storage>
<edge_template_pose041 type_id="opencv-matrix">
  <rows>4</rows>
  <cols>4</cols>
  <dt>f</dt>
  <data>
    -5.00000179e-01 -8.66025329e-01 0. 0. -4.33012575e-01 2.50000030e-01
    -8.66025448e-01 0. 7.50000000e-01 -4.33012873e-01 -4.99999911e-01
    3.00000012e-01 0. 0. 0. 1.</data></edge_template_pose041>
</opencv_storage>
