<?xml version="1.0"?>
<opencv_storage>
<edge_template_pose042 type_id="opencv-matrix">
  <rows>4</rows>
  <cols>4</cols>
  <dt>f</dt>
  <data>
    -2.58818805e-01 -9.65925872e-01 0. 0. -4.82962847e-01 1.29409373e-01
    -8.66025448e-01 0. 8.36516380e-01 -2.24143669e-01 -4.99999911e-01
    3.00000012e-01 0. 0. 0. 1.</data></edge_template_pose042>
</opencv_storage>
