<?xml version="1.0"?>
<opencv_storage>
<edge_template_pose030 type_id="opencv-matrix">
  <rows>4</rows>
  <cols>4</cols>
  <dt>f</dt>
  <data>
    1.39070920e-07 1. 0. 0. 7.66044497e-01 -1.06534515e-07
    -6.42787576e-01 0. -6.42787576e-01 8.93930618e-08 -7.66044497e-01
    3.00000012e-01 0. 0. 0. 1.</data></edge_template_pose030>
</opencv_storage>
