<?xml version="1.0"?>
<opencv_storage>
<edge_template_pose018 type_id="opencv-matrix">
  <rows>4</rows>
  <cols>4</cols>
  <dt>f</dt>
  <data>
    1.19248806e-08 -1. 0. 0. -9.39692616e-01 -1.12057226e-08
    -3.42020154e-01 0. 3.42020154e-01 4.07854950e-09 -9.39692616e-01
    3.00000012e-01 0. 0. 0. 1.</data></edge_template_pose018>
</opencv_storage>
