<?xml version="1.0"?>
<opencv_storage>
<edge_template_pose045 type_id="opencv-matrix">
  <rows>4</rows>
  <cols>4</cols>
  <dt>f</dt>
  <data>
    4.99999672e-01 -8.66025627e-01 0. 0. -4.33012724e-01 -2.49999791e-01
    -8.66025448e-01 0. 7.50000238e-01 4.33012426e-01 -4.99999911e-01
    3.00000012e-01 0. 0. 0. 1.</data></edge_template_pose045>
</opencv_storage>
