<?xml version="1.0"?>
<opencv_storage>
<edge_template_pose032 type_id="opencv-matrix">
  <rows>4</rows>
  <cols>4</cols>
  <dt>f</dt>
  <data>
    -5.00000179e-01 8.66025269e-01 0. 0. 6.63413882e-01 3.83022398e-01
    -6.42787576e-01 0. -5.56670308e-01 -3.21393907e-01 -7.66044497e-01
    3.00000012e-01 0. 0. 0. 1.</data></edge_template_pose032>
</opencv_storage>
