<?xml version="1.0"?>
<opencv_storage>
<edge_template_pose019 type_id="opencv-matrix">
  <rows>4</rows>
  <cols>4</cols>
  <dt>f</dt>
  <data>
    2.58819014e-01 -9.65925813e-01 0. 0. -9.07673359e-01 -2.43210316e-01
    -3.42020154e-01 0. 3.30366105e-01 8.85213166e-02 -9.39692616e-01
    3.00000012e-01 0. 0. 0. 1.</data></edge_template_pose019>
</opencv_storage>
