<?xml version="1.0"?>
<opencv_storage>
<edge_template_pose021 type_id="opencv-matrix">
  <rows>4</rows>
  <cols>4</cols>
  <dt>f</dt>
  <data>
    7.07106650e-01 -7.07106888e-01 0. 0. -6.64463103e-01 -6.64462924e-01
    -3.42020154e-01 0. 2.41844803e-01 2.41844729e-01 -9.39692616e-01
    3.00000012e-01 0. 0. 0. 1.</data></edge_template_pose021>
</opencv_storage>
