<?xml version="1.0"?>
<opencv_storage>
<edge_template_pose038 type_id="opencv-matrix">
  <rows>4</rows>
  <cols>4</cols>
  <dt>f</dt>
  <data>
    -9.65925932e-01 -2.58818567e-01 0. 0. -1.29409254e-01 4.82962877e-01
    -8.66025448e-01 0. 2.24143460e-01 -8.36516440e-01 -4.99999911e-01
    3.00000012e-01 0. 0. 0. 1.</data></edge_template_pose038>
</opencv_storage>
