<?xml version="1.0"?>
<opencv_storage>
<edge_template_pose024 type_id="opencv-matrix">
  <rows>4</rows>
  <cols>4</cols>
  <dt>f</dt>
  <data>
    1. 1.74845553e-07 0. 0. 1.33939480e-07 -7.66044497e-01
    -6.42787576e-01 0. -1.12388548e-07 6.42787576e-01 -7.66044497e-01
    3.00000012e-01 0. 0. 0. 1.</data></edge_template_pose024>
</opencv_storage>
