<?xml version="1.0"?>
<opencv_storage>
<edge_template_pose001 type_id="opencv-matrix">
  <rows>4</rows>
  <cols>4</cols>
  <dt>f</dt>
  <data>
    -4.10752676e-08 1.49501744e-08 -1. 0. 3.42020124e-01 9.39692616e-01
    0. 0. 9.39692616e-01 -3.42020124e-01 -4.37113883e-08 3.00000012e-01
    0. 0. 0. 1.</data></edge_template_pose001>
</opencv_storage>
