<?xml version="1.0"?>
<opencv_storage>
<edge_template_pose003 type_id="opencv-matrix">
  <rows>4</rows>
  <cols>4</cols>
  <dt>f</dt>
  <data>
    -3.34848664e-08 2.80971371e-08 -1. 0. 6.42787576e-01 7.66044438e-01
    0. 0. 7.66044438e-01 -6.42787576e-01 -4.37113883e-08 3.00000012e-01
    0. 0. 0. 1.</data></edge_template_pose003>
</opencv_storage>
