<?xml version="1.0"?>
<opencv_storage>
<edge_template_pose006 type_id="opencv-matrix">
  <rows>4</rows>
  <cols>4</cols>
  <dt>f</dt>
  <data>
    4.33012664e-01 -2.49999985e-01 -8.66025448e-01 0. 5.00000000e-01
    8.66025388e-01 0. 0. 7.50000000e-01 -4.33012724e-01 4.99999970e-01
    3.00000012e-01 0. 0. 0. 1.</data></edge_template_pose006>
</opencv_storage>
