<?xml version="1.0"?>
<opencv_storage>
<edge_template_pose003 type_id="opencv-matrix">
  <rows>4</rows>
  <cols>4</cols>
  <dt>f</dt>
  <data>
    -4.53153938e-01 2.11309165e-01 -8.66025388e-01 0. 4.22618270e-01
    9.06307757e-01 0. 0. 7.84885526e-01 -3.65998149e-01 -5.00000060e-01
    1.80000007e-01 0. 0. 0. 1.</data></edge_template_pose003>
</opencv_storage>
