<?xml version="1.0"?>
<opencv_storage>
<edge_template_pose001 type_id="opencv-matrix">
  <rows>4</rows>
  <cols>4</cols>
  <dt>f</dt>
  <data>
    -3.96159692e-08 -1.84732318e-08 -1. 0. -4.22618270e-01
    9.06307757e-01 0. 0. 9.06307757e-01 4.22618270e-01 -4.37113883e-08
    1.80000007e-01 0. 0. 0. 1.</data></edge_template_pose001>
</opencv_storage>
