<?xml version="1.0"?>
<opencv_storage>
<edge_template_pose001 type_id="opencv-matrix">
  <rows>4</rows>
  <cols>4</cols>
  <dt>f</dt>
  <data>
    -3.78551732e-08 8.66025388e-01 -5.00000000e-01 0. 2.18556941e-08
    5.00000000e-01 8.66025388e-01 0. 1. 2.18556941e-08 -3.78551732e-08
    3.00000012e-01 0. 0. 0. 1.</data></edge_template_pose001>
</opencv_storage>
