<?xml version="1.0"?>
<opencv_storage>
<edge_template_pose005 type_id="opencv-matrix">
  <rows>4</rows>
  <cols>4</cols>
  <dt>f</dt>
  <data>
    8.68241042e-02 -4.92403924e-01 -8.66025388e-01 0. 6.57741666e-01
    6.81235611e-01 -3.21393847e-01 0. 7.48222888e-01 -5.41716218e-01
    3.83022279e-01 3.00000012e-01 0. 0. 0. 1.</data></edge_template_pose005>
</opencv_storage>
