<?xml version="1.0"?>
<opencv_storage>
<edge_template_pose009 type_id="opencv-matrix">
  <rows>4</rows>
  <cols>4</cols>
  <dt>f</dt>
  <data>
    -1.73648193e-01 9.84807730e-01 -1.74845553e-07 0. 7.54406512e-01
    1.33022338e-01 6.42787635e-01 0. 6.33022249e-01 1.11618780e-01
    -7.66044438e-01 3.00000012e-01 0. 0. 0. 1.</data></edge_template_pose009>
</opencv_storage>
