<?xml version="1.0"?>
<opencv_storage>
<edge_template_pose007 type_id="opencv-matrix">
  <rows>4</rows>
  <cols>4</cols>
  <dt>f</dt>
  <data>
    8.68240818e-02 -4.92403775e-01 8.66025448e-01 0. 8.51071358e-01
    -4.15191114e-01 -3.21393758e-01 0. 5.17821610e-01 7.64954150e-01
    3.83022159e-01 3.00000012e-01 0. 0. 0. 1.</data></edge_template_pose007>
</opencv_storage>
