<?xml version="1.0"?>
<opencv_storage>
<edge_template_pose004 type_id="opencv-matrix">
  <rows>4</rows>
  <cols>4</cols>
  <dt>f</dt>
  <data>
    -1.13133414e-08 -4.22219593e-08 -1. 0. 2.58819103e-01 9.65925813e-01
    -4.37113883e-08 0. 9.65925813e-01 -2.58819103e-01 1.91068547e-15
    3.00000012e-01 0. 0. 0. 1.</data></edge_template_pose004>
</opencv_storage>
