<?xml version="1.0"?>
<opencv_storage>
<edge_template_pose002 type_id="opencv-matrix">
  <rows>4</rows>
  <cols>4</cols>
  <dt>f</dt>
  <data>
    -2.18556924e-08 4.99999970e-01 -8.66025448e-01 0. 5.85621507e-09
    8.66025448e-01 4.99999970e-01 0. 1. 5.85621507e-09 -2.18556924e-08
    3.00000012e-01 0. 0. 0. 1.</data></edge_template_pose002>
</opencv_storage>
