<?xml version="1.0"?>
<opencv_storage>
<edge_template_pose007 type_id="opencv-matrix">
  <rows>4</rows>
  <cols>4</cols>
  <dt>f</dt>
  <data>
    1.19248806e-08 1. 0. 0. 1. -1.19248806e-08 8.74227766e-08 0.
    8.74227766e-08 -1.04250613e-15 -1. 3.00000012e-01 0. 0. 0. 1.</data></edge_template_pose007>
</opencv_storage>
