<?xml version="1.0"?>
<opencv_storage>
<edge_template_pose126 type_id="opencv-matrix">
  <rows>4</rows>
  <cols>4</cols>
  <dt>f</dt>
  <data>
    4.36827747e-08 -2.38893996e-03 9.99997139e-01 0. -1.20292709e-08
    -9.99997139e-01 -2.38893996e-03 0. 1. -1.19248806e-08
    -4.37113883e-08 1. 0. 0. 0. 1.</data></edge_template_pose126>
</opencv_storage>
