<?xml version="1.0"?>
<opencv_storage>
<edge_template_pose055 type_id="opencv-matrix">
  <rows>4</rows>
  <cols>4</cols>
  <dt>f</dt>
  <data>
    -8.43216341e-09 -7.07106769e-01 7.07106769e-01 0. 5.21435517e-08
    7.07106769e-01 7.07106769e-01 0. -1. 4.28334985e-08 3.09086197e-08
    3.00000012e-01 0. 0. 0. 1.</data></edge_template_pose055>
</opencv_storage>
