<?xml version="1.0"?>
<opencv_storage>
<edge_template_pose092 type_id="opencv-matrix">
  <rows>4</rows>
  <cols>4</cols>
  <dt>f</dt>
  <data>
    4.37809469e-08 9.99998748e-01 -1.59254798e-03 0. 4.36417231e-08
    -1.59254798e-03 -9.99998748e-01 0. -1. 4.37113883e-08
    -4.37113883e-08 1. 0. 0. 0. 1.</data></edge_template_pose092>
</opencv_storage>
