<?xml version="1.0"?>
<opencv_storage>
<edge_template_pose172 type_id="opencv-matrix">
  <rows>4</rows>
  <cols>4</cols>
  <dt>f</dt>
  <data>
    9.99998748e-01 -1.12618890e-03 -1.12610147e-03 0. -1.59260980e-03
    -7.07105875e-01 -7.07105875e-01 0. 6.18172393e-08 7.07106769e-01
    -7.07106769e-01 1. 0. 0. 0. 1.</data></edge_template_pose172>
</opencv_storage>
