<?xml version="1.0"?>
<opencv_storage>
<edge_template_pose204 type_id="opencv-matrix">
  <rows>4</rows>
  <cols>4</cols>
  <dt>f</dt>
  <data>
    -9.99998748e-01 1.59254798e-03 -1.39224965e-10 0. 1.59254798e-03
    9.99998748e-01 -8.74226700e-08 0. 0. -8.74227766e-08 -1. 1. 0. 0. 0.
    1.</data></edge_template_pose204>
</opencv_storage>
