<?xml version="1.0"?>
<opencv_storage>
<edge_template_pose194 type_id="opencv-matrix">
  <rows>4</rows>
  <cols>4</cols>
  <dt>f</dt>
  <data>
    -4.99436855e-01 5.00562787e-01 -7.07106531e-01 0. 7.07504570e-01
    7.06708491e-01 5.63050911e-04 0. 5.00000060e-01 -4.99999911e-01
    -7.07106769e-01 1. 0. 0. 0. 1.</data></edge_template_pose194>
</opencv_storage>
