<?xml version="1.0"?>
<opencv_storage>
<edge_template_pose155 type_id="opencv-matrix">
  <rows>4</rows>
  <cols>4</cols>
  <dt>f</dt>
  <data>
    5.00596941e-01 7.06261635e-01 -5.00596881e-01 0. 4.99402344e-01
    -7.07950890e-01 -4.99402374e-01 0. -7.07106769e-01 3.09086197e-08
    -7.07106769e-01 1. 0. 0. 0. 1.</data></edge_template_pose155>
</opencv_storage>
