<?xml version="1.0"?>
<opencv_storage>
<edge_template_pose154 type_id="opencv-matrix">
  <rows>4</rows>
  <cols>4</cols>
  <dt>f</dt>
  <data>
    7.07106531e-01 -7.96305190e-04 -7.07106531e-01 0. -5.63094625e-04
    -9.99999702e-01 5.63050911e-04 0. -7.07106769e-01 3.09086197e-08
    -7.07106769e-01 1. 0. 0. 0. 1.</data></edge_template_pose154>
</opencv_storage>
