<?xml version="1.0"?>
<opencv_storage>
<edge_template_pose108 type_id="opencv-matrix">
  <rows>4</rows>
  <cols>4</cols>
  <dt>f</dt>
  <data>
    9.99998748e-01 -8.74922819e-08 -1.59254798e-03 0. -1.59254798e-03
    -4.35721113e-08 -9.99998748e-01 0. 8.74227766e-08 1. -4.37113883e-08
    1. 0. 0. 0. 1.</data></edge_template_pose108>
</opencv_storage>
