<?xml version="1.0"?>
<opencv_storage>
<edge_template_pose055 type_id="opencv-matrix">
  <rows>4</rows>
  <cols>4</cols>
  <dt>f</dt>
  <data>
    -8.53141904e-01 1.44066930e-01 5.01391649e-01 0. 1.48825169e-01
    -8.53958249e-01 4.98604417e-01 0. 4.99999940e-01 5.00000000e-01
    7.07106769e-01 1. 0. 0. 0. 1.</data></edge_template_pose055>
</opencv_storage>
