<?xml version="1.0"?>
<opencv_storage>
<edge_template_pose100 type_id="opencv-matrix">
  <rows>4</rows>
  <cols>4</cols>
  <dt>f</dt>
  <data>
    7.07105875e-01 7.07105875e-01 -1.59254798e-03 0. -1.12607051e-03
    -1.12613244e-03 -9.99998748e-01 0. -7.07106769e-01 7.07106769e-01
    -4.37113883e-08 1. 0. 0. 0. 1.</data></edge_template_pose100>
</opencv_storage>
