<?xml version="1.0"?>
<opencv_storage>
<edge_template_pose094 type_id="opencv-matrix">
  <rows>4</rows>
  <cols>4</cols>
  <dt>f</dt>
  <data>
    -4.36068390e-08 2.38893996e-03 9.99997139e-01 0. 4.38156889e-08
    9.99997139e-01 -2.38893996e-03 0. -1. 4.37113883e-08 -4.37113883e-08
    1. 0. 0. 0. 1.</data></edge_template_pose094>
</opencv_storage>
