<?xml version="1.0"?>
<opencv_storage>
<edge_template_pose207 type_id="opencv-matrix">
  <rows>4</rows>
  <cols>4</cols>
  <dt>f</dt>
  <data>
    7.05133140e-01 -7.09074914e-01 6.19892973e-08 0. -7.09074914e-01
    -7.05133140e-01 6.16446982e-08 0. 0. -8.74227766e-08 -1. 1. 0. 0. 0.
    1.</data></edge_template_pose207>
</opencv_storage>
