<?xml version="1.0"?>
<opencv_storage>
<edge_template_pose043 type_id="opencv-matrix">
  <rows>4</rows>
  <cols>4</cols>
  <dt>f</dt>
  <data>
    1.19248806e-08 1. 0. 0. 4.37113883e-08 -5.21253064e-16 -1. 0. -1.
    1.19248806e-08 -4.37113883e-08 3.00000012e-01 0. 0. 0. 1.</data></edge_template_pose043>
</opencv_storage>
