<?xml version="1.0"?>
<opencv_storage>
<edge_template_pose017 type_id="opencv-matrix">
  <rows>4</rows>
  <cols>4</cols>
  <dt>f</dt>
  <data>
    1.46786451e-01 -8.53611588e-01 -4.99800891e-01 0. 8.53495002e-01
    -1.46106809e-01 5.00199020e-01 0. -4.99999970e-01 -4.99999970e-01
    7.07106769e-01 1. 0. 0. 0. 1.</data></edge_template_pose017>
</opencv_storage>
