<?xml version="1.0"?>
<opencv_storage>
<edge_template_pose071 type_id="opencv-matrix">
  <rows>4</rows>
  <cols>4</cols>
  <dt>f</dt>
  <data>
    8.43216252e-09 7.07106650e-01 -7.07106888e-01 0. 3.52792213e-08
    -7.07106888e-01 -7.07106650e-01 0. -1. -1.89837426e-08
    -3.09086126e-08 3.00000012e-01 0. 0. 0. 1.</data></edge_template_pose071>
</opencv_storage>
