<?xml version="1.0"?>
<opencv_storage>
<edge_template_pose111 type_id="opencv-matrix">
  <rows>4</rows>
  <cols>4</cols>
  <dt>f</dt>
  <data>
    -7.05133140e-01 9.26393469e-08 7.09074914e-01 0. 7.09074914e-01
    -3.11669481e-08 7.05133140e-01 0. 8.74227766e-08 1. -4.37113883e-08
    1. 0. 0. 0. 1.</data></edge_template_pose111>
</opencv_storage>
