<?xml version="1.0"?>
<opencv_storage>
<edge_template_pose046 type_id="opencv-matrix">
  <rows>4</rows>
  <cols>4</cols>
  <dt>f</dt>
  <data>
    2.38887803e-03 -7.07104743e-01 7.07104743e-01 0. 9.99997139e-01
    1.68914814e-03 -1.68923556e-03 0. 6.18172393e-08 7.07106769e-01
    7.07106769e-01 1. 0. 0. 0. 1.</data></edge_template_pose046>
</opencv_storage>
