<?xml version="1.0"?>
<opencv_storage>
<edge_template_pose078 type_id="opencv-matrix">
  <rows>4</rows>
  <cols>4</cols>
  <dt>f</dt>
  <data>
    -2.38893996e-03 -4.37112639e-08 9.99997139e-01 0. -9.99997139e-01
    1.04423879e-10 -2.38893996e-03 0. 0. -1. -4.37113883e-08 1. 0. 0. 0.
    1.</data></edge_template_pose078>
</opencv_storage>
