<?xml version="1.0"?>
<opencv_storage>
<edge_template_pose169 type_id="opencv-matrix">
  <rows>4</rows>
  <cols>4</cols>
  <dt>f</dt>
  <data>
    -7.07388282e-01 -4.99800831e-01 -4.99800891e-01 0. -7.06825137e-01
    5.00199080e-01 5.00199020e-01 0. 6.18172393e-08 7.07106769e-01
    -7.07106769e-01 1. 0. 0. 0. 1.</data></edge_template_pose169>
</opencv_storage>
