<?xml version="1.0"?>
<opencv_storage>
<edge_template_pose101 type_id="opencv-matrix">
  <rows>4</rows>
  <cols>4</cols>
  <dt>f</dt>
  <data>
    5.00994444e-01 5.00994444e-01 7.05697656e-01 0. 4.99003619e-01
    4.99003559e-01 -7.08513141e-01 0. -7.07106769e-01 7.07106769e-01
    -4.37113883e-08 1. 0. 0. 0. 1.</data></edge_template_pose101>
</opencv_storage>
