<?xml version="1.0"?>
<opencv_storage>
<edge_template_pose109 type_id="opencv-matrix">
  <rows>4</rows>
  <cols>4</cols>
  <dt>f</dt>
  <data>
    7.08513141e-01 -3.10931618e-08 7.05697656e-01 0. 7.05697656e-01
    -9.26641377e-08 -7.08513141e-01 0. 8.74227766e-08 1. -4.37113883e-08
    1. 0. 0. 0. 1.</data></edge_template_pose109>
</opencv_storage>
