<?xml version="1.0"?>
<opencv_storage>
<edge_template_pose004 type_id="opencv-matrix">
  <rows>4</rows>
  <cols>4</cols>
  <dt>f</dt>
  <data>
    -9.99998748e-01 -1.59254798e-03 0. 0. 1.59254798e-03 -9.99998748e-01
    0. 0. 0. 0. 1. 1. 0. 0. 0. 1.</data></edge_template_pose004>
</opencv_storage>
