<?xml version="1.0"?>
<opencv_storage>
<edge_template_pose090 type_id="opencv-matrix">
  <rows>4</rows>
  <cols>4</cols>
  <dt>f</dt>
  <data>
    4.36765681e-08 -7.96274282e-04 -9.99999702e-01 0. -4.37461800e-08
    -9.99999702e-01 7.96274282e-04 0. -1. 4.37113883e-08 -4.37113883e-08
    1. 0. 0. 0. 1.</data></edge_template_pose090>
</opencv_storage>
