<?xml version="1.0"?>
<opencv_storage>
<edge_template_pose193 type_id="opencv-matrix">
  <rows>4</rows>
  <cols>4</cols>
  <dt>f</dt>
  <data>
    1.46786273e-01 8.53611588e-01 -4.99800891e-01 0. 8.53494942e-01
    1.46106929e-01 5.00199020e-01 0. 5.00000060e-01 -4.99999911e-01
    -7.07106769e-01 1. 0. 0. 0. 1.</data></edge_template_pose193>
</opencv_storage>
