<?xml version="1.0"?>
<opencv_storage>
<edge_template_pose198 type_id="opencv-matrix">
  <rows>4</rows>
  <cols>4</cols>
  <dt>f</dt>
  <data>
    4.98309404e-01 -5.01687706e-01 7.07104743e-01 0. -7.08299100e-01
    -7.05910385e-01 -1.68923556e-03 0. 5.00000060e-01 -4.99999911e-01
    -7.07106769e-01 1. 0. 0. 0. 1.</data></edge_template_pose198>
</opencv_storage>
