<?xml version="1.0"?>
<opencv_storage>
<edge_template_pose006 type_id="opencv-matrix">
  <rows>4</rows>
  <cols>4</cols>
  <dt>f</dt>
  <data>
    -2.38893996e-03 9.99997139e-01 0. 0. -9.99997139e-01 -2.38893996e-03
    0. 0. 0. 0. 1. 1. 0. 0. 0. 1.</data></edge_template_pose006>
</opencv_storage>
