<?xml version="1.0"?>
<opencv_storage>
<edge_template_pose018 type_id="opencv-matrix">
  <rows>4</rows>
  <cols>4</cols>
  <dt>f</dt>
  <data>
    4.37113883e-08 -3.82137093e-15 1. 0. -7.07106829e-01 -7.07106709e-01
    3.09086197e-08 0. 7.07106709e-01 -7.07106829e-01 -3.09086197e-08
    3.00000012e-01 0. 0. 0. 1.</data></edge_template_pose018>
</opencv_storage>
