<?xml version="1.0"?>
<opencv_storage>
<edge_template_pose164 type_id="opencv-matrix">
  <rows>4</rows>
  <cols>4</cols>
  <dt>f</dt>
  <data>
    7.07902133e-01 7.06309617e-01 -1.12610147e-03 0. 4.98873234e-01
    -5.01125455e-01 -7.07105875e-01 0. -4.99999970e-01 4.99999970e-01
    -7.07106769e-01 1. 0. 0. 0. 1.</data></edge_template_pose164>
</opencv_storage>
