<?xml version="1.0"?>
<opencv_storage>
<edge_template_pose121 type_id="opencv-matrix">
  <rows>4</rows>
  <cols>4</cols>
  <dt>f</dt>
  <data>
    -2.24607888e-08 7.07388222e-01 -7.06825197e-01 0. 3.93497288e-08
    7.06825197e-01 7.07388222e-01 0. 1. -1.19248806e-08 -4.37113883e-08
    1. 0. 0. 0. 1.</data></edge_template_pose121>
</opencv_storage>
