<?xml version="1.0"?>
<opencv_storage>
<edge_template_pose073 type_id="opencv-matrix">
  <rows>4</rows>
  <cols>4</cols>
  <dt>f</dt>
  <data>
    7.07388222e-01 3.08963095e-08 -7.06825197e-01 0. 7.06825197e-01
    -3.09209227e-08 7.07388222e-01 0. 0. -1. -4.37113883e-08 1. 0. 0. 0.
    1.</data></edge_template_pose073>
</opencv_storage>
