<?xml version="1.0"?>
<opencv_storage>
<edge_template_pose158 type_id="opencv-matrix">
  <rows>4</rows>
  <cols>4</cols>
  <dt>f</dt>
  <data>
    -7.07104743e-01 2.38897093e-03 7.07104743e-01 0. 1.68927922e-03
    9.99997139e-01 -1.68923556e-03 0. -7.07106769e-01 3.09086197e-08
    -7.07106769e-01 1. 0. 0. 0. 1.</data></edge_template_pose158>
</opencv_storage>
