<?xml version="1.0"?>
<opencv_storage>
<edge_template_pose184 type_id="opencv-matrix">
  <rows>4</rows>
  <cols>4</cols>
  <dt>f</dt>
  <data>
    1.19248806e-08 1. 0. 0. 7.07106769e-01 -8.43216341e-09
    7.07106769e-01 0. 7.07106769e-01 -8.43216341e-09 -7.07106769e-01 1.
    0. 0. 0. 1.</data></edge_template_pose184>
</opencv_storage>
