<?xml version="1.0"?>
<opencv_storage>
<edge_template_pose003 type_id="opencv-matrix">
  <rows>4</rows>
  <cols>4</cols>
  <dt>f</dt>
  <data>
    -7.06261635e-01 -7.07950890e-01 0. 0. 7.07950890e-01 -7.06261635e-01
    0. 0. 0. 0. 1. 1. 0. 0. 0. 1.</data></edge_template_pose003>
</opencv_storage>
