<?xml version="1.0"?>
<opencv_storage>
<edge_template_pose083 type_id="opencv-matrix">
  <rows>4</rows>
  <cols>4</cols>
  <dt>f</dt>
  <data>
    -4.99402344e-01 4.99402404e-01 -7.07950890e-01 0. 5.00596881e-01
    -5.00596881e-01 -7.06261635e-01 0. -7.07106769e-01 -7.07106769e-01
    -4.37113883e-08 1. 0. 0. 0. 1.</data></edge_template_pose083>
</opencv_storage>
