<?xml version="1.0"?>
<opencv_storage>
<edge_template_pose029 type_id="opencv-matrix">
  <rows>4</rows>
  <cols>4</cols>
  <dt>f</dt>
  <data>
    4.99003619e-01 7.08513141e-01 4.99003589e-01 0. -5.00994384e-01
    7.05697656e-01 -5.00994444e-01 0. -7.07106769e-01 3.09086197e-08
    7.07106769e-01 1. 0. 0. 0. 1.</data></edge_template_pose029>
</opencv_storage>
