<?xml version="1.0"?>
<opencv_storage>
<edge_template_pose129 type_id="opencv-matrix">
  <rows>4</rows>
  <cols>4</cols>
  <dt>f</dt>
  <data>
    5.00198901e-01 5.00199080e-01 -7.06825197e-01 0. 4.99800831e-01
    4.99800950e-01 7.07388222e-01 0. 7.07106888e-01 -7.07106650e-01
    -4.37113883e-08 1. 0. 0. 0. 1.</data></edge_template_pose129>
</opencv_storage>
