<?xml version="1.0"?>
<opencv_storage>
<edge_template_pose093 type_id="opencv-matrix">
  <rows>4</rows>
  <cols>4</cols>
  <dt>f</dt>
  <data>
    1.23069555e-10 7.08513141e-01 7.05697656e-01 0. 6.18171185e-08
    7.05697656e-01 -7.08513141e-01 0. -1. 4.37113883e-08 -4.37113883e-08
    1. 0. 0. 0. 1.</data></edge_template_pose093>
</opencv_storage>
