<?xml version="1.0"?>
<opencv_storage>
<edge_template_pose074 type_id="opencv-matrix">
  <rows>4</rows>
  <cols>4</cols>
  <dt>f</dt>
  <data>
    7.96274282e-04 4.37113741e-08 -9.99999702e-01 0. 9.99999702e-01
    -3.48062551e-11 7.96274282e-04 0. 0. -1. -4.37113883e-08 1. 0. 0. 0.
    1.</data></edge_template_pose074>
</opencv_storage>
