<?xml version="1.0"?>
<opencv_storage>
<edge_template_pose178 type_id="opencv-matrix">
  <rows>4</rows>
  <cols>4</cols>
  <dt>f</dt>
  <data>
    -5.00562847e-01 -4.99436796e-01 -7.07106531e-01 0. -7.06708431e-01
    7.07504630e-01 5.63050911e-04 0. 4.99999940e-01 5.00000000e-01
    -7.07106769e-01 1. 0. 0. 0. 1.</data></edge_template_pose178>
</opencv_storage>
