<?xml version="1.0"?>
<opencv_storage>
<edge_template_pose125 type_id="opencv-matrix">
  <rows>4</rows>
  <cols>4</cols>
  <dt>f</dt>
  <data>
    2.23980869e-08 -7.08513141e-01 7.05697656e-01 0. -3.93854513e-08
    -7.05697656e-01 -7.08513141e-01 0. 1. -1.19248806e-08
    -4.37113883e-08 1. 0. 0. 0. 1.</data></edge_template_pose125>
</opencv_storage>
