<?xml version="1.0"?>
<opencv_storage>
<edge_template_pose201 type_id="opencv-matrix">
  <rows>4</rows>
  <cols>4</cols>
  <dt>f</dt>
  <data>
    7.07388222e-01 7.06825197e-01 -6.17926190e-08 0. 7.06825197e-01
    -7.07388222e-01 6.18418454e-08 0. 0. -8.74227766e-08 -1. 1. 0. 0. 0.
    1.</data></edge_template_pose201>
</opencv_storage>
