<?xml version="1.0"?>
<opencv_storage>
<edge_template_pose058 type_id="opencv-matrix">
  <rows>4</rows>
  <cols>4</cols>
  <dt>f</dt>
  <data>
    1. -8.74227766e-08 -8.74227766e-08 0. 8.74227837e-08 4.37113812e-08
    1. 0. -8.74227695e-08 -1. 4.37113883e-08 3.00000012e-01 0. 0. 0. 1.</data></edge_template_pose058>
</opencv_storage>
