<?xml version="1.0"?>
<opencv_storage>
<edge_template_pose202 type_id="opencv-matrix">
  <rows>4</rows>
  <cols>4</cols>
  <dt>f</dt>
  <data>
    7.96274282e-04 9.99999702e-01 -8.74227482e-08 0. 9.99999702e-01
    -7.96274282e-04 6.96125102e-11 0. 0. -8.74227766e-08 -1. 1. 0. 0. 0.
    1.</data></edge_template_pose202>
</opencv_storage>
