<?xml version="1.0"?>
<opencv_storage>
<edge_template_pose091 type_id="opencv-matrix">
  <rows>4</rows>
  <cols>4</cols>
  <dt>f</dt>
  <data>
    6.18171896e-08 7.06261635e-01 -7.07950890e-01 0. -7.38396011e-11
    -7.07950890e-01 -7.06261635e-01 0. -1. 4.37113883e-08
    -4.37113883e-08 1. 0. 0. 0. 1.</data></edge_template_pose091>
</opencv_storage>
