<?xml version="1.0"?>
<opencv_storage>
<edge_template_pose133 type_id="opencv-matrix">
  <rows>4</rows>
  <cols>4</cols>
  <dt>f</dt>
  <data>
    -5.00994325e-01 -5.00994503e-01 7.05697656e-01 0. -4.99003530e-01
    -4.99003649e-01 -7.08513141e-01 0. 7.07106888e-01 -7.07106650e-01
    -4.37113883e-08 1. 0. 0. 0. 1.</data></edge_template_pose133>
</opencv_storage>
