<?xml version="1.0"?>
<opencv_storage>
<edge_template_pose047 type_id="opencv-matrix">
  <rows>4</rows>
  <cols>4</cols>
  <dt>f</dt>
  <data>
    -7.05133200e-01 -5.01391590e-01 5.01391649e-01 0. 7.09074855e-01
    -4.98604476e-01 4.98604417e-01 0. 6.18172393e-08 7.07106769e-01
    7.07106769e-01 1. 0. 0. 0. 1.</data></edge_template_pose047>
</opencv_storage>
