<?xml version="1.0"?>
<opencv_storage>
<edge_template_pose136 type_id="opencv-matrix">
  <rows>4</rows>
  <cols>4</cols>
  <dt>f</dt>
  <data>
    1. 0. 0. 0. 0. -7.07106769e-01 7.07106769e-01 0. 0. -7.07106769e-01
    -7.07106769e-01 1. 0. 0. 0. 1.</data></edge_template_pose136>
</opencv_storage>
