<?xml version="1.0"?>
<opencv_storage>
<edge_template_pose089 type_id="opencv-matrix">
  <rows>4</rows>
  <cols>4</cols>
  <dt>f</dt>
  <data>
    -2.46132004e-11 -7.07388222e-01 -7.06825197e-01 0. -6.18172322e-08
    -7.06825197e-01 7.07388222e-01 0. -1. 4.37113883e-08 -4.37113883e-08
    1. 0. 0. 0. 1.</data></edge_template_pose089>
</opencv_storage>
