<?xml version="1.0"?>
<opencv_storage>
<edge_template_pose051 type_id="opencv-matrix">
  <rows>4</rows>
  <cols>4</cols>
  <dt>f</dt>
  <data>
    8.53377819e-01 -1.45426899e-01 -5.00596881e-01 0. -1.47466093e-01
    8.53727639e-01 -4.99402374e-01 0. 4.99999940e-01 5.00000000e-01
    7.07106769e-01 1. 0. 0. 0. 1.</data></edge_template_pose051>
</opencv_storage>
