<?xml version="1.0"?>
<opencv_storage>
<edge_template_pose130 type_id="opencv-matrix">
  <rows>4</rows>
  <cols>4</cols>
  <dt>f</dt>
  <data>
    5.63019945e-04 5.63081936e-04 -9.99999702e-01 0. 7.07106411e-01
    7.07106650e-01 7.96274282e-04 0. 7.07106888e-01 -7.07106650e-01
    -4.37113883e-08 1. 0. 0. 0. 1.</data></edge_template_pose130>
</opencv_storage>
