<?xml version="1.0"?>
<opencv_storage>
<edge_template_pose135 type_id="opencv-matrix">
  <rows>4</rows>
  <cols>4</cols>
  <dt>f</dt>
  <data>
    4.98604357e-01 4.98604476e-01 7.09074914e-01 0. -5.01391590e-01
    -5.01391768e-01 7.05133140e-01 0. 7.07106888e-01 -7.07106650e-01
    -4.37113883e-08 1. 0. 0. 0. 1.</data></edge_template_pose135>
</opencv_storage>
