<?xml version="1.0"?>
<opencv_storage>
<edge_template_pose173 type_id="opencv-matrix">
  <rows>4</rows>
  <cols>4</cols>
  <dt>f</dt>
  <data>
    7.08513200e-01 4.99003530e-01 4.99003589e-01 0. 7.05697596e-01
    -5.00994503e-01 -5.00994444e-01 0. 6.18172393e-08 7.07106769e-01
    -7.07106769e-01 1. 0. 0. 0. 1.</data></edge_template_pose173>
</opencv_storage>
