<?xml version="1.0"?>
<opencv_storage>
<edge_template_pose104 type_id="opencv-matrix">
  <rows>4</rows>
  <cols>4</cols>
  <dt>f</dt>
  <data>
    -1. 8.74227766e-08 0. 0. 3.82137093e-15 4.37113883e-08 1. 0.
    8.74227766e-08 1. -4.37113883e-08 1. 0. 0. 0. 1.</data></edge_template_pose104>
</opencv_storage>
