<?xml version="1.0"?>
<opencv_storage>
<edge_template_pose086 type_id="opencv-matrix">
  <rows>4</rows>
  <cols>4</cols>
  <dt>f</dt>
  <data>
    -1.68926653e-03 1.68920460e-03 9.99997139e-01 0. -7.07104743e-01
    7.07104743e-01 -2.38893996e-03 0. -7.07106769e-01 -7.07106769e-01
    -4.37113883e-08 1. 0. 0. 0. 1.</data></edge_template_pose086>
</opencv_storage>
