<?xml version="1.0"?>
<opencv_storage>
<edge_template_pose170 type_id="opencv-matrix">
  <rows>4</rows>
  <cols>4</cols>
  <dt>f</dt>
  <data>
    -7.96336099e-04 -7.07106531e-01 -7.07106531e-01 0. -9.99999702e-01
    5.63138339e-04 5.63050911e-04 0. 6.18172393e-08 7.07106769e-01
    -7.07106769e-01 1. 0. 0. 0. 1.</data></edge_template_pose170>
</opencv_storage>
