<?xml version="1.0"?>
<opencv_storage>
<edge_template_pose077 type_id="opencv-matrix">
  <rows>4</rows>
  <cols>4</cols>
  <dt>f</dt>
  <data>
    -7.08513141e-01 -3.08470227e-08 7.05697656e-01 0. -7.05697656e-01
    3.09700923e-08 -7.08513141e-01 0. 0. -1. -4.37113883e-08 1. 0. 0. 0.
    1.</data></edge_template_pose077>
</opencv_storage>
