<?xml version="1.0"?>
<opencv_storage>
<edge_template_pose150 type_id="opencv-matrix">
  <rows>4</rows>
  <cols>4</cols>
  <dt>f</dt>
  <data>
    -5.01687765e-01 -4.98309314e-01 7.07104743e-01 0. -7.05910265e-01
    7.08299220e-01 -1.68923556e-03 0. -4.99999970e-01 -4.99999970e-01
    -7.07106769e-01 1. 0. 0. 0. 1.</data></edge_template_pose150>
</opencv_storage>
