<?xml version="1.0"?>
<opencv_storage>
<edge_template_pose095 type_id="opencv-matrix">
  <rows>4</rows>
  <cols>4</cols>
  <dt>f</dt>
  <data>
    -8.43216430e-09 -7.07106829e-01 -7.07106709e-01 0. 7.07106769e-01
    -4.99999940e-01 5.00000000e-01 0. -7.07106769e-01 -4.99999940e-01
    5.00000000e-01 3.00000012e-01 0. 0. 0. 1.</data></edge_template_pose095>
</opencv_storage>
