<?xml version="1.0"?>
<opencv_storage>
<edge_template_pose141 type_id="opencv-matrix">
  <rows>4</rows>
  <cols>4</cols>
  <dt>f</dt>
  <data>
    -7.08513141e-01 -4.99003589e-01 4.99003589e-01 0. -7.05697656e-01
    5.00994444e-01 -5.00994444e-01 0. 0. -7.07106769e-01 -7.07106769e-01
    1. 0. 0. 0. 1.</data></edge_template_pose141>
</opencv_storage>
