<?xml version="1.0"?>
<opencv_storage>
<edge_template_pose002 type_id="opencv-matrix">
  <rows>4</rows>
  <cols>4</cols>
  <dt>f</dt>
  <data>
    7.96274282e-04 -9.99999702e-01 0. 0. 9.99999702e-01 7.96274282e-04
    0. 0. 0. 0. 1. 1. 0. 0. 0. 1.</data></edge_template_pose002>
</opencv_storage>
