<?xml version="1.0"?>
<opencv_storage>
<edge_template_pose067 type_id="opencv-matrix">
  <rows>4</rows>
  <cols>4</cols>
  <dt>f</dt>
  <data>
    -1.45426810e-01 -8.53377819e-01 -5.00596881e-01 0. 8.53727579e-01
    1.47466183e-01 -4.99402374e-01 0. 5.00000060e-01 -4.99999911e-01
    7.07106769e-01 1. 0. 0. 0. 1.</data></edge_template_pose067>
</opencv_storage>
