<?xml version="1.0"?>
<opencv_storage>
<edge_template_pose103 type_id="opencv-matrix">
  <rows>4</rows>
  <cols>4</cols>
  <dt>f</dt>
  <data>
    -4.98604447e-01 -4.98604387e-01 7.09074914e-01 0. 5.01391649e-01
    5.01391649e-01 7.05133140e-01 0. -7.07106769e-01 7.07106769e-01
    -4.37113883e-08 1. 0. 0. 0. 1.</data></edge_template_pose103>
</opencv_storage>
