<?xml version="1.0"?>
<opencv_storage>
<edge_template_pose079 type_id="opencv-matrix">
  <rows>4</rows>
  <cols>4</cols>
  <dt>f</dt>
  <data>
    7.05133140e-01 -3.09946486e-08 7.09074914e-01 0. -7.09074914e-01
    -3.08223491e-08 7.05133140e-01 0. 0. -1. -4.37113883e-08 1. 0. 0. 0.
    1.</data></edge_template_pose079>
</opencv_storage>
