<?xml version="1.0"?>
<opencv_storage>
<edge_template_pose114 type_id="opencv-matrix">
  <rows>4</rows>
  <cols>4</cols>
  <dt>f</dt>
  <data>
    -5.63081878e-04 5.63020003e-04 -9.99999702e-01 0. -7.07106590e-01
    7.07106471e-01 7.96274282e-04 0. 7.07106709e-01 7.07106829e-01
    -4.37113883e-08 1. 0. 0. 0. 1.</data></edge_template_pose114>
</opencv_storage>
