<?xml version="1.0"?>
<opencv_storage>
<edge_template_pose127 type_id="opencv-matrix">
  <rows>4</rows>
  <cols>4</cols>
  <dt>f</dt>
  <data>
    3.94032753e-08 7.05133140e-01 7.09074914e-01 0. 2.23667165e-08
    -7.09074914e-01 7.05133140e-01 0. 1. -1.19248806e-08 -4.37113883e-08
    1. 0. 0. 0. 1.</data></edge_template_pose127>
</opencv_storage>
