<?xml version="1.0"?>
<opencv_storage>
<edge_template_pose181 type_id="opencv-matrix">
  <rows>4</rows>
  <cols>4</cols>
  <dt>f</dt>
  <data>
    8.53843331e-01 -1.48145556e-01 4.99003589e-01 0. 1.44747078e-01
    -8.53260159e-01 -5.00994444e-01 0. 4.99999940e-01 5.00000000e-01
    -7.07106769e-01 1. 0. 0. 0. 1.</data></edge_template_pose181>
</opencv_storage>
