<?xml version="1.0"?>
<opencv_storage>
<edge_template_pose134 type_id="opencv-matrix">
  <rows>4</rows>
  <cols>4</cols>
  <dt>f</dt>
  <data>
    -1.68920436e-03 -1.68926688e-03 9.99997139e-01 0. -7.07104623e-01
    -7.07104862e-01 -2.38893996e-03 0. 7.07106888e-01 -7.07106650e-01
    -4.37113883e-08 1. 0. 0. 0. 1.</data></edge_template_pose134>
</opencv_storage>
