<?xml version="1.0"?>
<opencv_storage>
<edge_template_pose106 type_id="opencv-matrix">
  <rows>4</rows>
  <cols>4</cols>
  <dt>f</dt>
  <data>
    -7.96274282e-04 -4.36417622e-08 -9.99999702e-01 0. -9.99999702e-01
    8.74575576e-08 7.96274282e-04 0. 8.74227766e-08 1. -4.37113883e-08
    1. 0. 0. 0. 1.</data></edge_template_pose106>
</opencv_storage>
