<?xml version="1.0"?>
<opencv_storage>
<edge_template_pose043 type_id="opencv-matrix">
  <rows>4</rows>
  <cols>4</cols>
  <dt>f</dt>
  <data>
    7.06261694e-01 5.00596821e-01 -5.00596881e-01 0. -7.07950830e-01
    4.99402434e-01 -4.99402374e-01 0. 6.18172393e-08 7.07106769e-01
    7.07106769e-01 1. 0. 0. 0. 1.</data></edge_template_pose043>
</opencv_storage>
