<?xml version="1.0"?>
<opencv_storage>
<edge_template_pose081 type_id="opencv-matrix">
  <rows>4</rows>
  <cols>4</cols>
  <dt>f</dt>
  <data>
    5.00199020e-01 -5.00199020e-01 -7.06825197e-01 0. 4.99800861e-01
    -4.99800920e-01 7.07388222e-01 0. -7.07106769e-01 -7.07106769e-01
    -4.37113883e-08 1. 0. 0. 0. 1.</data></edge_template_pose081>
</opencv_storage>
