<?xml version="1.0"?>
<opencv_storage>
<edge_template_pose057 type_id="opencv-matrix">
  <rows>4</rows>
  <cols>4</cols>
  <dt>f</dt>
  <data>
    4.99800891e-01 7.07388222e-01 -4.99800891e-01 0. -5.00199020e-01
    7.06825197e-01 5.00199020e-01 0. 7.07106769e-01 -8.43216341e-09
    7.07106769e-01 1. 0. 0. 0. 1.</data></edge_template_pose057>
</opencv_storage>
