<?xml version="1.0"?>
<opencv_storage>
<edge_template_pose034 type_id="opencv-matrix">
  <rows>4</rows>
  <cols>4</cols>
  <dt>f</dt>
  <data>
    -1.19248806e-08 1.04250613e-15 -1. 0. 7.07106709e-01 -7.07106829e-01
    -8.43216341e-09 0. -7.07106829e-01 -7.07106709e-01 8.43216341e-09
    3.00000012e-01 0. 0. 0. 1.</data></edge_template_pose034>
</opencv_storage>
