<?xml version="1.0"?>
<opencv_storage>
<edge_template_pose067 type_id="opencv-matrix">
  <rows>4</rows>
  <cols>4</cols>
  <dt>f</dt>
  <data>
    1.42202776e-16 1.19248806e-08 -1. 0. 3.17865059e-08 -1.
    -1.19248806e-08 0. -1. -3.17865059e-08 -5.21253064e-16
    3.00000012e-01 0. 0. 0. 1.</data></edge_template_pose067>
</opencv_storage>
