<?xml version="1.0"?>
<opencv_storage>
<edge_template_pose052 type_id="opencv-matrix">
  <rows>4</rows>
  <cols>4</cols>
  <dt>f</dt>
  <data>
    7.07902193e-01 -7.06309557e-01 -1.12610147e-03 0. 4.98873204e-01
    5.01125455e-01 -7.07105875e-01 0. 4.99999940e-01 5.00000000e-01
    7.07106769e-01 1. 0. 0. 0. 1.</data></edge_template_pose052>
</opencv_storage>
