<?xml version="1.0"?>
<opencv_storage>
<model_obj type_id="opencv-matrix">
  <rows>337</rows>
  <cols>3</cols>
  <dt>f</dt>
  <data>
    96. 36. 36. -3.59999985e-02 1.22469999e-02 2.24929992e-02
    -3.59999985e-02 1.22469999e-02 2.24929992e-02 4.27399985e-02
    1.22469999e-02 -2.99999993e-02 4.27399985e-02 1.22469999e-02
    -2.99999993e-02 1.64930001e-02 1.22469999e-02 -3.75299994e-03
    1.64930001e-02 1.22469999e-02 -3.75299994e-03 -9.75299999e-03
    1.22469999e-02 2.24929992e-02 1.64930001e-02 1.22469999e-02
    4.87399995e-02 1.64930001e-02 1.22469999e-02 -3.75299994e-03
    1.64930001e-02 1.22469999e-02 -3.75299994e-03 4.27399985e-02
    1.22469999e-02 -2.99999993e-02 4.27399985e-02 1.22469999e-02
    -2.99999993e-02 -9.75299999e-03 1.22469999e-02 4.87399995e-02
    -9.75299999e-03 1.22469999e-02 4.87399995e-02 -9.75299999e-03
    1.22469999e-02 2.24929992e-02 -3.59999985e-02 1.22469999e-02
    2.24929992e-02 -9.75299999e-03 1.22469999e-02 4.87399995e-02
    -9.75299999e-03 1.22469999e-02 4.87399995e-02 -9.75299999e-03
    -1.40000004e-02 2.24929992e-02 -9.75299999e-03 -1.40000004e-02
    2.24929992e-02 -9.75299999e-03 1.22469999e-02 2.24929992e-02
    -9.75299999e-03 1.22469999e-02 2.24929992e-02 -9.75299999e-03
    1.22469999e-02 4.87399995e-02 -9.75299999e-03 -1.40000004e-02
    2.24929992e-02 1.64930001e-02 -1.40000004e-02 4.87399995e-02
    1.64930001e-02 -1.40000004e-02 4.87399995e-02 -9.75299999e-03
    1.22469999e-02 4.87399995e-02 -9.75299999e-03 1.22469999e-02
    4.87399995e-02 1.64930001e-02 1.22469999e-02 4.87399995e-02
    1.64930001e-02 1.22469999e-02 4.87399995e-02 1.64930001e-02
    -1.40000004e-02 4.87399995e-02 -9.75299999e-03 1.22469999e-02
    4.87399995e-02 1.64930001e-02 1.22469999e-02 -3.75299994e-03
    1.64930001e-02 1.22469999e-02 -3.75299994e-03 1.64930001e-02
    -1.40000004e-02 4.87399995e-02 1.64930001e-02 -1.40000004e-02
    4.87399995e-02 1.64930001e-02 1.22469999e-02 4.87399995e-02
    1.64930001e-02 1.22469999e-02 4.87399995e-02 1.64930001e-02
    1.22469999e-02 -3.75299994e-03 1.64930001e-02 -1.40000004e-02
    4.87399995e-02 4.27399985e-02 -1.40000004e-02 -3.75299994e-03
    4.27399985e-02 -1.40000004e-02 -3.75299994e-03 1.64930001e-02
    1.22469999e-02 -3.75299994e-03 1.64930001e-02 1.22469999e-02
    -3.75299994e-03 4.27399985e-02 1.22469999e-02 -3.75299994e-03
    4.27399985e-02 1.22469999e-02 -3.75299994e-03 4.27399985e-02
    -1.40000004e-02 -3.75299994e-03 1.64930001e-02 1.22469999e-02
    -3.75299994e-03 4.27399985e-02 1.22469999e-02 -2.99999993e-02
    4.27399985e-02 1.22469999e-02 -2.99999993e-02 4.27399985e-02
    -1.40000004e-02 -3.75299994e-03 4.27399985e-02 -1.40000004e-02
    -3.75299994e-03 4.27399985e-02 1.22469999e-02 -3.75299994e-03
    4.27399985e-02 1.22469999e-02 -3.75299994e-03 4.27399985e-02
    1.22469999e-02 -2.99999993e-02 4.27399985e-02 -1.40000004e-02
    -3.75299994e-03 4.27399985e-02 1.22469999e-02 -2.99999993e-02
    4.27399985e-02 1.22469999e-02 -2.99999993e-02 -3.59999985e-02
    -1.40000004e-02 -2.99999993e-02 -3.59999985e-02 -1.40000004e-02
    -2.99999993e-02 4.27399985e-02 -1.40000004e-02 -2.99999993e-02
    4.27399985e-02 -1.40000004e-02 -2.99999993e-02 4.27399985e-02
    1.22469999e-02 -2.99999993e-02 -3.59999985e-02 -1.40000004e-02
    -2.99999993e-02 -3.59999985e-02 1.22469999e-02 2.24929992e-02
    -3.59999985e-02 1.22469999e-02 2.24929992e-02 -3.59999985e-02
    -1.40000004e-02 -2.99999993e-02 -3.59999985e-02 -1.40000004e-02
    -2.99999993e-02 -3.59999985e-02 1.22469999e-02 -2.99999993e-02
    -3.59999985e-02 1.22469999e-02 -2.99999993e-02 -3.59999985e-02
    1.22469999e-02 2.24929992e-02 -3.59999985e-02 -1.40000004e-02
    -2.99999993e-02 -9.75299999e-03 -1.40000004e-02 2.24929992e-02
    -9.75299999e-03 -1.40000004e-02 2.24929992e-02 -3.59999985e-02
    1.22469999e-02 2.24929992e-02 -3.59999985e-02 1.22469999e-02
    2.24929992e-02 -9.75299999e-03 1.22469999e-02 2.24929992e-02
    -9.75299999e-03 1.22469999e-02 2.24929992e-02 -9.75299999e-03
    -1.40000004e-02 2.24929992e-02 -3.59999985e-02 1.22469999e-02
    2.24929992e-02 4.27399985e-02 -1.40000004e-02 -3.75299994e-03
    4.27399985e-02 -1.40000004e-02 -3.75299994e-03 -3.59999985e-02
    -1.40000004e-02 -2.99999993e-02 -3.59999985e-02 -1.40000004e-02
    -2.99999993e-02 1.64930001e-02 -1.40000004e-02 -3.75299994e-03
    1.64930001e-02 -1.40000004e-02 4.87399995e-02 -9.75299999e-03
    -1.40000004e-02 2.24929992e-02 -9.75299999e-03 -1.40000004e-02
    2.24929992e-02 -9.75299999e-03 -1.40000004e-02 2.24929992e-02
    -9.75299999e-03 -1.40000004e-02 2.24929992e-02 1.64930001e-02
    -1.40000004e-02 -3.75299994e-03 1.64930001e-02 -1.40000004e-02
    -3.75299994e-03 -3.59999985e-02 -1.40000004e-02 2.24929992e-02
    -3.59999985e-02 -1.40000004e-02 -2.99999993e-02 -9.75299999e-03
    -1.40000004e-02 4.87399995e-02 4.27399985e-02 -1.40000004e-02
    -3.75299994e-03 -3.59999985e-02 1.22469999e-02 -2.99999993e-02
    -9.75299999e-03 1.22469999e-02 2.24929992e-02 -3.59999985e-02
    1.22469999e-02 -2.99999993e-02 4.27399985e-02 1.22469999e-02
    -3.75299994e-03 1.64930001e-02 1.22469999e-02 4.87399995e-02
    4.27399985e-02 1.22469999e-02 -3.75299994e-03 -9.75299999e-03
    1.22469999e-02 4.87399995e-02 -9.75299999e-03 1.22469999e-02
    4.87399995e-02 4.27399985e-02 1.22469999e-02 -3.75299994e-03
    1.64930001e-02 1.22469999e-02 4.87399995e-02 4.27399985e-02
    1.22469999e-02 -3.75299994e-03 -3.59999985e-02 1.22469999e-02
    -2.99999993e-02 -9.75299999e-03 1.22469999e-02 2.24929992e-02
    1.64930001e-02 1.22469999e-02 4.87399995e-02 -3.59999985e-02
    1.22469999e-02 2.24929992e-02 -3.59999985e-02 1.22469999e-02
    -2.99999993e-02 -9.75299999e-03 -1.40000004e-02 4.87399995e-02
    -9.75299999e-03 1.22469999e-02 2.24929992e-02 -9.75299999e-03
    -1.40000004e-02 4.87399995e-02 -9.75299999e-03 1.22469999e-02
    2.24929992e-02 -9.75299999e-03 1.22469999e-02 4.87399995e-02
    -9.75299999e-03 -1.40000004e-02 2.24929992e-02 -9.75299999e-03
    -1.40000004e-02 4.87399995e-02 -9.75299999e-03 -1.40000004e-02
    4.87399995e-02 -9.75299999e-03 -1.40000004e-02 4.87399995e-02
    1.64930001e-02 1.22469999e-02 4.87399995e-02 -9.75299999e-03
    -1.40000004e-02 4.87399995e-02 1.64930001e-02 1.22469999e-02
    4.87399995e-02 1.64930001e-02 -1.40000004e-02 4.87399995e-02
    -9.75299999e-03 1.22469999e-02 4.87399995e-02 -9.75299999e-03
    -1.40000004e-02 4.87399995e-02 -9.75299999e-03 -1.40000004e-02
    4.87399995e-02 1.64930001e-02 -1.40000004e-02 -3.75299994e-03
    1.64930001e-02 1.22469999e-02 4.87399995e-02 1.64930001e-02
    -1.40000004e-02 -3.75299994e-03 1.64930001e-02 1.22469999e-02
    4.87399995e-02 1.64930001e-02 1.22469999e-02 -3.75299994e-03
    1.64930001e-02 -1.40000004e-02 4.87399995e-02 1.64930001e-02
    -1.40000004e-02 -3.75299994e-03 1.64930001e-02 -1.40000004e-02
    -3.75299994e-03 1.64930001e-02 -1.40000004e-02 -3.75299994e-03
    4.27399985e-02 1.22469999e-02 -3.75299994e-03 1.64930001e-02
    -1.40000004e-02 -3.75299994e-03 4.27399985e-02 1.22469999e-02
    -3.75299994e-03 4.27399985e-02 -1.40000004e-02 -3.75299994e-03
    1.64930001e-02 1.22469999e-02 -3.75299994e-03 1.64930001e-02
    -1.40000004e-02 -3.75299994e-03 1.64930001e-02 -1.40000004e-02
    -3.75299994e-03 4.27399985e-02 -1.40000004e-02 -2.99999993e-02
    4.27399985e-02 1.22469999e-02 -3.75299994e-03 4.27399985e-02
    -1.40000004e-02 -2.99999993e-02 4.27399985e-02 1.22469999e-02
    -3.75299994e-03 4.27399985e-02 1.22469999e-02 -2.99999993e-02
    4.27399985e-02 -1.40000004e-02 -3.75299994e-03 4.27399985e-02
    -1.40000004e-02 -2.99999993e-02 4.27399985e-02 -1.40000004e-02
    -2.99999993e-02 -3.59999985e-02 1.22469999e-02 -2.99999993e-02
    4.27399985e-02 -1.40000004e-02 -2.99999993e-02 -3.59999985e-02
    1.22469999e-02 -2.99999993e-02 4.27399985e-02 -1.40000004e-02
    -2.99999993e-02 4.27399985e-02 1.22469999e-02 -2.99999993e-02
    -3.59999985e-02 -1.40000004e-02 -2.99999993e-02 -3.59999985e-02
