<?xml version="1.0"?>
<opencv_storage>
<edge_template_pose017 type_id="opencv-matrix">
  <rows>4</rows>
  <cols>4</cols>
  <dt>f</dt>
  <data>
    -2.58818984e-01 9.65925872e-01 0. 0. -9.65925872e-01 -2.58818984e-01
    0. 0. 0. 0. 1. 3.00000012e-01 0. 0. 0. 1.</data></edge_template_pose017>
</opencv_storage>
