<?xml version="1.0"?>
<opencv_storage>
<edge_template_pose007 type_id="opencv-matrix">
  <rows>4</rows>
  <cols>4</cols>
  <dt>f</dt>
  <data>
    -2.58819044e-01 -9.65925813e-01 0. 0. 9.65925813e-01 -2.58819044e-01
    0. 0. 0. 0. 1. 3.00000012e-01 0. 0. 0. 1.</data></edge_template_pose007>
</opencv_storage>
