<?xml version="1.0"?>
<opencv_storage>
<edge_template_pose020 type_id="opencv-matrix">
  <rows>4</rows>
  <cols>4</cols>
  <dt>f</dt>
  <data>
    -7.07106769e-01 0. 7.07106769e-01 0. 4.99999970e-01 7.07106769e-01
    4.99999970e-01 0. -4.99999970e-01 7.07106769e-01 -4.99999970e-01
    3.00000012e-01 0. 0. 0. 1.</data></edge_template_pose020>
</opencv_storage>
