<?xml version="1.0"?>
<opencv_storage>
<edge_template_pose026 type_id="opencv-matrix">
  <rows>4</rows>
  <cols>4</cols>
  <dt>f</dt>
  <data>
    1. -8.74227766e-08 -8.74227766e-08 0. 0. -7.07106769e-01
    7.07106769e-01 0. -1.23634479e-07 -7.07106769e-01 -7.07106769e-01
    3.00000012e-01 0. 0. 0. 1.</data></edge_template_pose026>
</opencv_storage>
