<?xml version="1.0"?>
<opencv_storage>
<edge_template_pose001 type_id="opencv-matrix">
  <rows>4</rows>
  <cols>4</cols>
  <dt>f</dt>
  <data>
    7.07388222e-01 -7.06825197e-01 0. 0. 7.06825197e-01 7.07388222e-01
    0. 0. 0. 0. 1. 1. 0. 0. 0. 1.</data></edge_template_pose001>
</opencv_storage>
