<?xml version="1.0"?>
<opencv_storage>
<edge_template_pose032 type_id="opencv-matrix">
  <rows>4</rows>
  <cols>4</cols>
  <dt>f</dt>
  <data>
    -7.07106769e-01 -7.07106769e-01 0. 0. 4.99999970e-01 -4.99999970e-01
    7.07106769e-01 0. -4.99999970e-01 4.99999970e-01 7.07106769e-01 1.
    0. 0. 0. 1.</data></edge_template_pose032>
</opencv_storage>
