<?xml version="1.0"?>
<opencv_storage>
<edge_template_pose054 type_id="opencv-matrix">
  <rows>4</rows>
  <cols>4</cols>
  <dt>f</dt>
  <data>
    7.07106769e-01 -6.18172393e-08 7.07106769e-01 0. -7.07106769e-01
    1.05528628e-07 7.07106769e-01 0. -1.18331400e-07 -1. 3.09086197e-08
    3.00000012e-01 0. 0. 0. 1.</data></edge_template_pose054>
</opencv_storage>
