<?xml version="1.0"?>
<opencv_storage>
<edge_template_pose028 type_id="opencv-matrix">
  <rows>4</rows>
  <cols>4</cols>
  <dt>f</dt>
  <data>
    -1.12605782e-03 9.99998748e-01 -1.12610147e-03 0. -7.07105875e-01
    -1.59251702e-03 -7.07105875e-01 0. -7.07106769e-01 3.09086197e-08
    7.07106769e-01 1. 0. 0. 0. 1.</data></edge_template_pose028>
</opencv_storage>
