<?xml version="1.0"?>
<opencv_storage>
<edge_template_pose033 type_id="opencv-matrix">
  <rows>4</rows>
  <cols>4</cols>
  <dt>f</dt>
  <data>
    -5.21253064e-16 -1.19248806e-08 -1. 0. 7.07106829e-01 7.07106709e-01
    -8.43216341e-09 0. 7.07106709e-01 -7.07106829e-01 8.43216341e-09
    3.00000012e-01 0. 0. 0. 1.</data></edge_template_pose033>
</opencv_storage>
