<?xml version="1.0"?>
<opencv_storage>
<edge_template_pose050 type_id="opencv-matrix">
  <rows>4</rows>
  <cols>4</cols>
  <dt>f</dt>
  <data>
    4.37113883e-08 -3.82137093e-15 1. 0. -1. 1.31134158e-07
    4.37113883e-08 0. -1.31134158e-07 -1. 1.91068547e-15 3.00000012e-01
    0. 0. 0. 1.</data></edge_template_pose050>
</opencv_storage>
