<?xml version="1.0"?>
<opencv_storage>
<edge_template_pose063 type_id="opencv-matrix">
  <rows>4</rows>
  <cols>4</cols>
  <dt>f</dt>
  <data>
    -8.43216430e-09 -7.07106829e-01 -7.07106709e-01 0. 3.52792249e-08
    -7.07106709e-01 7.07106829e-01 0. -1. -1.89837355e-08 3.09086197e-08
    3.00000012e-01 0. 0. 0. 1.</data></edge_template_pose063>
</opencv_storage>
