<?xml version="1.0"?>
<opencv_storage>
<edge_template_pose088 type_id="opencv-matrix">
  <rows>4</rows>
  <cols>4</cols>
  <dt>f</dt>
  <data>
    -1. 0. -8.74227766e-08 0. -6.18172393e-08 -7.07106769e-01
    7.07106769e-01 0. -6.18172393e-08 7.07106769e-01 7.07106769e-01
    3.00000012e-01 0. 0. 0. 1.</data></edge_template_pose088>
</opencv_storage>
