<?xml version="1.0"?>
<opencv_storage>
<edge_template_pose070 type_id="opencv-matrix">
  <rows>4</rows>
  <cols>4</cols>
  <dt>f</dt>
  <data>
    -7.07106650e-01 6.18172251e-08 -7.07106888e-01 0. 7.07106888e-01
    -1.81058581e-08 -7.07106650e-01 0. -5.65141534e-08 -1.
    -3.09086126e-08 3.00000012e-01 0. 0. 0. 1.</data></edge_template_pose070>
</opencv_storage>
