<?xml version="1.0"?>
<opencv_storage>
<edge_template_pose103 type_id="opencv-matrix">
  <rows>4</rows>
  <cols>4</cols>
  <dt>f</dt>
  <data>
    8.43216252e-09 7.07106650e-01 -7.07106888e-01 0. 7.07106769e-01
    -5.00000060e-01 -4.99999911e-01 0. -7.07106769e-01 -5.00000060e-01
    -4.99999911e-01 3.00000012e-01 0. 0. 0. 1.</data></edge_template_pose103>
</opencv_storage>
