<?xml version="1.0"?>
<opencv_storage>
<edge_template_pose023 type_id="opencv-matrix">
  <rows>4</rows>
  <cols>4</cols>
  <dt>f</dt>
  <data>
    9.65925753e-01 -2.58819282e-01 0. 0. -2.43210569e-01 -9.07673299e-01
    -3.42020154e-01 0. 8.85214135e-02 3.30366075e-01 -9.39692616e-01
    3.00000012e-01 0. 0. 0. 1.</data></edge_template_pose023>
</opencv_storage>
