<?xml version="1.0"?>
<opencv_storage>
<edge_template_pose047 type_id="opencv-matrix">
  <rows>4</rows>
  <cols>4</cols>
  <dt>f</dt>
  <data>
    8.66025150e-01 -5.00000417e-01 0. 0. -2.50000149e-01 -4.33012486e-01
    -8.66025448e-01 0. 4.33013082e-01 7.49999821e-01 -4.99999911e-01
    3.00000012e-01 0. 0. 0. 1.</data></edge_template_pose047>
</opencv_storage>
