<?xml version="1.0"?>
<opencv_storage>
<edge_template_pose044 type_id="opencv-matrix">
  <rows>4</rows>
  <cols>4</cols>
  <dt>f</dt>
  <data>
    2.58819163e-01 -9.65925813e-01 0. 0. -4.82962817e-01 -1.29409552e-01
    -8.66025448e-01 0. 8.36516321e-01 2.24143982e-01 -4.99999911e-01
    3.00000012e-01 0. 0. 0. 1.</data></edge_template_pose044>
</opencv_storage>
