<?xml version="1.0"?>
<opencv_storage>
<edge_template_pose020 type_id="opencv-matrix">
  <rows>4</rows>
  <cols>4</cols>
  <dt>f</dt>
  <data>
    4.99999911e-01 -8.66025448e-01 0. 0. -8.13797712e-01 -4.69846219e-01
    -3.42020154e-01 0. 2.96198159e-01 1.71010047e-01 -9.39692616e-01
    3.00000012e-01 0. 0. 0. 1.</data></edge_template_pose020>
</opencv_storage>
