<?xml version="1.0"?>
<opencv_storage>
<edge_template_pose035 type_id="opencv-matrix">
  <rows>4</rows>
  <cols>4</cols>
  <dt>f</dt>
  <data>
    -9.65925694e-01 2.58819431e-01 0. 0. 1.98267207e-01 7.39942074e-01
    -6.42787576e-01 0. -1.66365921e-01 -6.20885015e-01 -7.66044497e-01
    3.00000012e-01 0. 0. 0. 1.</data></edge_template_pose035>
</opencv_storage>
