<?xml version="1.0"?>
<opencv_storage>
<edge_template_pose011 type_id="opencv-matrix">
  <rows>4</rows>
  <cols>4</cols>
  <dt>f</dt>
  <data>
    -9.65925813e-01 2.58819133e-01 0. 0. 2.58819133e-01 9.65925813e-01
    -8.74227766e-08 0. -2.26266881e-08 -8.44439185e-08 -1.
    3.00000012e-01 0. 0. 0. 1.</data></edge_template_pose011>
</opencv_storage>
