<?xml version="1.0"?>
<opencv_storage>
<edge_template_pose043 type_id="opencv-matrix">
  <rows>4</rows>
  <cols>4</cols>
  <dt>f</dt>
  <data>
    -2.90066708e-07 -1. 0. 0. -4.99999911e-01 1.45033326e-07
    -8.66025448e-01 0. 8.66025448e-01 -2.51205165e-07 -4.99999911e-01
    3.00000012e-01 0. 0. 0. 1.</data></edge_template_pose043>
</opencv_storage>
