<?xml version="1.0"?>
<opencv_storage>
<edge_template_pose004 type_id="opencv-matrix">
  <rows>4</rows>
  <cols>4</cols>
  <dt>f</dt>
  <data>
    4.99999970e-01 8.66025448e-01 0. 0. 8.66025448e-01 -4.99999970e-01
    -8.74227766e-08 0. -7.57103464e-08 4.37113847e-08 -1. 3.00000012e-01
    0. 0. 0. 1.</data></edge_template_pose004>
</opencv_storage>
