<?xml version="1.0"?>
<opencv_storage>
<edge_template_pose033 type_id="opencv-matrix">
  <rows>4</rows>
  <cols>4</cols>
  <dt>f</dt>
  <data>
    -7.07106590e-01 7.07107008e-01 0. 0. 5.41675448e-01 5.41675091e-01
    -6.42787576e-01 0. -4.54519600e-01 -4.54519331e-01 -7.66044497e-01
    3.00000012e-01 0. 0. 0. 1.</data></edge_template_pose033>
</opencv_storage>
