<?xml version="1.0"?>
<opencv_storage>
<edge_template_pose040 type_id="opencv-matrix">
  <rows>4</rows>
  <cols>4</cols>
  <dt>f</dt>
  <data>
    -7.07106531e-01 -7.07107008e-01 0. 0. -3.53553444e-01 3.53553206e-01
    -8.66025448e-01 0. 6.12372637e-01 -6.12372279e-01 -4.99999911e-01
    3.00000012e-01 0. 0. 0. 1.</data></edge_template_pose040>
</opencv_storage>
