<?xml version="1.0"?>
<opencv_storage>
<edge_template_pose022 type_id="opencv-matrix">
  <rows>4</rows>
  <cols>4</cols>
  <dt>f</dt>
  <data>
    8.66025329e-01 -5.00000179e-01 0. 0. -4.69846487e-01 -8.13797593e-01
    -3.42020154e-01 0. 1.71010137e-01 2.96198130e-01 -9.39692616e-01
    3.00000012e-01 0. 0. 0. 1.</data></edge_template_pose022>
</opencv_storage>
