<?xml version="1.0"?>
<opencv_storage>
<edge_template_pose000 type_id="opencv-matrix">
  <rows>4</rows>
  <cols>4</cols>
  <dt>f</dt>
  <data>
    -4.37113883e-08 1. 0. 0. 4.37113883e-08 1.91068547e-15 1. 0. 1.
    4.37113883e-08 -4.37113883e-08 1.40000015e-01 0. 0. 0. 1.</data></edge_template_pose000>
</opencv_storage>
