<?xml version="1.0"?>
<opencv_storage>
<edge_template_pose005 type_id="opencv-matrix">
  <rows>4</rows>
  <cols>4</cols>
  <dt>f</dt>
  <data>
    -4.37113883e-08 1. 0. 0. 9.84807730e-01 4.30473115e-08
    -1.73648223e-01 0. -1.73648223e-01 -7.59040475e-09 -9.84807730e-01
    1.40000015e-01 0. 0. 0. 1.</data></edge_template_pose005>
</opencv_storage>
