<?xml version="1.0"?>
<opencv_storage>
<edge_template_pose009 type_id="opencv-matrix">
  <rows>4</rows>
  <cols>4</cols>
  <dt>f</dt>
  <data>
    -3.78551732e-08 8.66025388e-01 -5.00000000e-01 0. -6.42787516e-01
    -3.83022279e-01 -6.63414001e-01 0. -7.66044497e-01 3.21393728e-01
    5.56670308e-01 1.40000015e-01 0. 0. 0. 1.</data></edge_template_pose009>
</opencv_storage>
