<?xml version="1.0"?>
<opencv_storage>
<edge_template_pose007 type_id="opencv-matrix">
  <rows>4</rows>
  <cols>4</cols>
  <dt>f</dt>
  <data>
    -3.78551732e-08 8.66025388e-01 -5.00000000e-01 0. 9.93081350e-09
    -5.00000000e-01 -8.66025388e-01 0. -1. -3.77489471e-08
    1.03272493e-08 1.40000015e-01 0. 0. 0. 1.</data></edge_template_pose007>
</opencv_storage>
