<?xml version="1.0"?>
<opencv_storage>
<edge_template_pose008 type_id="opencv-matrix">
  <rows>4</rows>
  <cols>4</cols>
  <dt>f</dt>
  <data>
    -3.78551732e-08 8.66025388e-01 -5.00000000e-01 0. -3.42020065e-01
    -4.69846338e-01 -8.13797653e-01 0. -9.39692616e-01 1.71010002e-01
    2.96198100e-01 1.40000015e-01 0. 0. 0. 1.</data></edge_template_pose008>
</opencv_storage>
