<?xml version="1.0"?>
<opencv_storage>
<SLBNR12_obj type_id="opencv-matrix">
  <rows>1665</rows>
  <cols>3</cols>
  <dt>f</dt>
  <data>
    176. 328. 328. -4.99999989e-03 9.49999969e-03 0. -4.99999989e-03
    9.49999969e-03 0. -4.99999989e-03 9.17600002e-03 -2.45900010e-03
    -4.99999989e-03 9.17600002e-03 2.45900010e-03 -4.99999989e-03
    8.22700001e-03 -4.74999985e-03 -4.99999989e-03 8.22700001e-03
    -4.74999985e-03 -4.99999989e-03 8.22700001e-03 -4.74999985e-03
    -4.99999989e-03 8.22700001e-03 4.74999985e-03 -4.99999989e-03
    8.22700001e-03 4.74999985e-03 -4.99999989e-03 8.22700001e-03
    4.74999985e-03 -4.99999989e-03 6.71799993e-03 -6.71799993e-03
    -4.99999989e-03 6.71799993e-03 6.71799993e-03 -4.99999989e-03
    6.00000005e-03 0. -4.99999989e-03 6.00000005e-03 0. -4.99999989e-03
    5.79599990e-03 1.55299995e-03 -4.99999989e-03 3.00000003e-03
    -5.19599998e-03 -4.99999989e-03 3.00000003e-03 -5.19599998e-03
    -4.99999989e-03 4.24299994e-03 -4.24299994e-03 -4.99999989e-03
    4.74999985e-03 -8.22700001e-03 -4.99999989e-03 5.19599998e-03
    -3.00000003e-03 -4.99999989e-03 2.45900010e-03 -9.17600002e-03
    -4.99999989e-03 0. -9.49999969e-03 -4.99999989e-03 0.
    -9.49999969e-03 -4.99999989e-03 0. -9.49999969e-03 -4.99999989e-03
    0. -6.00000005e-03 -4.99999989e-03 0. -6.00000005e-03
    -4.99999989e-03 -4.24299994e-03 -4.24299994e-03 -4.99999989e-03
    -4.24299994e-03 -4.24299994e-03 -4.99999989e-03 -3.00000003e-03
    -5.19599998e-03 -4.99999989e-03 -2.45900010e-03 -9.17600002e-03
    -4.99999989e-03 -4.74999985e-03 -8.22700001e-03 -4.99999989e-03
    -6.71799993e-03 -6.71799993e-03 -4.99999989e-03 -5.79599990e-03
    -1.55299995e-03 -4.99999989e-03 -5.79599990e-03 -1.55299995e-03
    -4.99999989e-03 -9.49999969e-03 0. -4.99999989e-03 -9.49999969e-03
    0. -4.99999989e-03 -9.17600002e-03 2.45900010e-03 -4.99999989e-03
    -9.17600002e-03 -2.45900010e-03 -4.99999989e-03 -8.22700001e-03
    4.74999985e-03 -4.99999989e-03 -8.22700001e-03 4.74999985e-03
    -4.99999989e-03 -8.22700001e-03 4.74999985e-03 -4.99999989e-03
    -8.22700001e-03 -4.74999985e-03 -4.99999989e-03 -8.22700001e-03
    -4.74999985e-03 -4.99999989e-03 -6.71799993e-03 6.71799993e-03
    -4.99999989e-03 -6.00000005e-03 0. -4.99999989e-03 5.19599998e-03
    3.00000003e-03 -4.99999989e-03 4.24299994e-03 4.24299994e-03
    -4.99999989e-03 4.74999985e-03 8.22700001e-03 -4.99999989e-03 0.
    6.00000005e-03 -4.99999989e-03 0. 6.00000005e-03 -4.99999989e-03 0.
    9.49999969e-03 -4.99999989e-03 0. 9.49999969e-03 -4.99999989e-03 0.
    9.49999969e-03 -4.99999989e-03 0. 9.49999969e-03 -4.99999989e-03
    1.55299995e-03 5.79599990e-03 -4.99999989e-03 -1.55299995e-03
    5.79599990e-03 -4.99999989e-03 -3.00000003e-03 5.19599998e-03
    -4.99999989e-03 -2.45900010e-03 9.17600002e-03 -4.99999989e-03
    -4.24299994e-03 4.24299994e-03 -4.99999989e-03 -5.19599998e-03
    3.00000003e-03 4.99999989e-03 1.09440004e-02 4.40000003e-05
    4.99999989e-03 1.09440004e-02 4.40000003e-05 4.99999989e-03
    1.09440004e-02 4.40000003e-05 4.99999989e-03 5.51000005e-03
    9.45600029e-03 4.99999989e-03 5.79599990e-03 1.55299995e-03
    4.99999989e-03 5.79599990e-03 1.55299995e-03 4.99999989e-03
    6.00000005e-03 0. 4.99999989e-03 1.09440004e-02 -4.40000003e-05
    4.99999989e-03 1.09440004e-02 -4.40000003e-05 4.99999989e-03
    4.24299994e-03 4.24299994e-03 4.99999989e-03 4.24299994e-03
    4.24299994e-03 4.99999989e-03 5.43399993e-03 9.49999969e-03
    4.99999989e-03 5.43399993e-03 9.49999969e-03 4.99999989e-03
    -5.43399993e-03 9.49999969e-03 4.99999989e-03 -3.00000003e-03
    5.19599998e-03 4.99999989e-03 -3.00000003e-03 5.19599998e-03
    4.99999989e-03 -1.55299995e-03 5.79599990e-03 4.99999989e-03 0.
    6.00000005e-03 4.99999989e-03 1.55299995e-03 5.79599990e-03
    4.99999989e-03 -5.47500001e-03 9.48300026e-03 4.99999989e-03
    -5.19599998e-03 3.00000003e-03 4.99999989e-03 -5.19599998e-03
    3.00000003e-03 4.99999989e-03 -5.51000005e-03 9.45600029e-03
    4.99999989e-03 -1.09440004e-02 4.40000003e-05 4.99999989e-03
    -1.09440004e-02 4.40000003e-05 4.99999989e-03 -6.00000005e-03 0.
    4.99999989e-03 -6.00000005e-03 0. 4.99999989e-03 5.79599990e-03
    -1.55299995e-03 4.99999989e-03 5.19599998e-03 -3.00000003e-03
    4.99999989e-03 5.43399993e-03 -9.49999969e-03 4.99999989e-03
    5.43399993e-03 -9.49999969e-03 4.99999989e-03 5.47500001e-03
    -9.48300026e-03 4.99999989e-03 4.24299994e-03 -4.24299994e-03
    4.99999989e-03 3.00000003e-03 -5.19599998e-03 4.99999989e-03
    1.55299995e-03 -5.79599990e-03 4.99999989e-03 0. -6.00000005e-03
    4.99999989e-03 -1.55299995e-03 -5.79599990e-03 4.99999989e-03
    -3.00000003e-03 -5.19599998e-03 4.99999989e-03 -5.43399993e-03
    -9.49999969e-03 4.99999989e-03 -5.51000005e-03 -9.45600029e-03
    4.99999989e-03 -5.51000005e-03 -9.45600029e-03 4.99999989e-03
    -5.19599998e-03 -3.00000003e-03 4.99999989e-03 -5.19599998e-03
    -3.00000003e-03 4.99999989e-03 -1.09440004e-02 -4.40000003e-05
    -4.80700005e-03 2.54600006e-03 -9.49999969e-03 -4.16299980e-03
    5.47500001e-03 -9.48300026e-03 -4.16299980e-03 5.47500001e-03
    -9.48300026e-03 -4.80700005e-03 6.95500011e-03 -6.95500011e-03
    -4.80700005e-03 9.49999969e-03 -2.54600006e-03 -4.16299980e-03
    1.09500000e-02 0. -4.16299980e-03 1.09500000e-02 0. -4.05299990e-03
    4.88100015e-03 -1.30799995e-03 -4.05299990e-03 4.88100015e-03
    -1.30799995e-03 4.05299990e-03 4.88100015e-03 -1.30799995e-03
    4.05299990e-03 4.88100015e-03 -1.30799995e-03 4.05299990e-03
    5.05300006e-03 0. -4.05299990e-03 5.05300006e-03 0. -4.05299990e-03
    4.37599979e-03 -2.52699992e-03 4.05299990e-03 4.37599979e-03
    -2.52699992e-03 -4.05299990e-03 3.57299997e-03 -3.57299997e-03
    4.05299990e-03 3.57299997e-03 -3.57299997e-03 -4.05299990e-03
    2.52699992e-03 -4.37599979e-03 4.05299990e-03 2.52699992e-03
    -4.37599979e-03 -4.05299990e-03 1.30799995e-03 -4.88100015e-03
    4.05299990e-03 1.30799995e-03 -4.88100015e-03 -4.16299980e-03
    -5.43399993e-03 -9.49999969e-03 -4.16299980e-03 -5.43399993e-03
    -9.49999969e-03 -4.05299990e-03 0. -5.05300006e-03 4.05299990e-03 0.
    -5.05300006e-03 -4.16299980e-03 1.09440004e-02 4.40000003e-05
    -4.80700005e-03 6.95500011e-03 6.95500011e-03 -4.16299980e-03
    5.47500001e-03 9.48300026e-03 -4.16299980e-03 5.47500001e-03
    9.48300026e-03 -4.80700005e-03 2.54600006e-03 9.49999969e-03
    4.05299990e-03 0. 5.05300006e-03 4.05299990e-03 0. 5.05300006e-03
    -4.05299990e-03 0. 5.05300006e-03 -4.05299990e-03 0. 5.05300006e-03
    -4.05299990e-03 1.30799995e-03 4.88100015e-03 4.05299990e-03
    1.30799995e-03 4.88100015e-03 -4.05299990e-03 2.52699992e-03
    4.37599979e-03 4.05299990e-03 2.52699992e-03 4.37599979e-03
    -4.05299990e-03 3.57299997e-03 3.57299997e-03 4.05299990e-03
    3.57299997e-03 3.57299997e-03 -4.05299990e-03 4.37599979e-03
    2.52699992e-03 4.05299990e-03 4.37599979e-03 2.52699992e-03
    -4.80700005e-03 -2.54600006e-03 9.49999969e-03 -4.16299980e-03
    -5.47500001e-03 9.48300026e-03 -4.16299980e-03 -5.47500001e-03
    9.48300026e-03 -4.16299980e-03 -5.51000005e-03 9.45600029e-03
    -4.80700005e-03 -9.49999969e-03 2.54600006e-03 -4.16299980e-03
    -1.09500000e-02 0. -4.16299980e-03 -1.09500000e-02 0. 4.05299990e-03
    -5.05300006e-03 0. 4.05299990e-03 -5.05300006e-03 0. -4.05299990e-03
    -5.05300006e-03 0. -4.05299990e-03 -5.05300006e-03 0.
    -4.05299990e-03 -4.88100015e-03 1.30799995e-03 4.05299990e-03
    -4.88100015e-03 1.30799995e-03 -4.05299990e-03 -4.37599979e-03
    2.52699992e-03 4.05299990e-03 -4.37599979e-03 2.52699992e-03
    -4.05299990e-03 -3.57299997e-03 3.57299997e-03 4.05299990e-03
    -3.57299997e-03 3.57299997e-03 -4.05299990e-03 -2.52699992e-03
    4.37599979e-03 4.05299990e-03 -2.52699992e-03 4.37599979e-03
    -4.80700005e-03 -9.49999969e-03 -2.54600006e-03 -4.80700005e-03
    -6.95500011e-03 -6.95500011e-03 -4.16299980e-03 -5.47500001e-03
